1632878576720
1632816620156
1632821129232
1632819019047
1632819001962
1632818312406
1632878378158
1632816913721
1632821345029
1632818816722
1632814888233
1632878194972
1632818975288
1632820429362
1632878024884
1632815349502
1632818395945
1632800763934
1632821438965
1632813173691
1632813569491
1632816304812
1632816269458
1632878587195
1632877832539
1632814990618
1632878173989
1632816490623
1632300773377
1632878162630
1632819359423
1632877783658
1632300304843
1632877859867
1632817754233
1632816564721
1632820871839
1632818192062
1632878249376
1632815729493
1632878241541
1632879475533
1632879794160
1632818990974
1632878220607
1632817383269
1632816664139
1632816587317
1632821307355
1632821152779
1632298610905
1632818869933
1632816018454
1632877909410
1632812286148
1632817923191
1632799240383
1632812684729
1632815326562
1632300089432
1632878048796
1632879659737
1632878011317
1632879953448
1632815933325
1632879015155
1632812636865
1632815958287
1632878504848
1632816812483
1632877866975
1632877822650
1632813026096
1632300029176
1632878202125
1632821216449
1632878970661
1632816925508
1632818954053
1632813087064
1632819330692
1632821223550
1632819268822
1632819058930
1632816296216
1632879131353
1632300624129
1632820768221
1632815243616
1632878423339
1632819662961
1632816594844
1632816716467
1632819076821
1632878520605
1632878145125
1632817718785
1632878150800
1632817106311
1632812538428
1632820882243
1632878526930
1632815526876
1632815987770
1632813593790
1632879171652
1632813554241
1632879536514
1632815235336
1632818269470
1632815215513
1632819211412
1632813014930
1632812674518
1632818919530
1632818559779
1632878637852
1632800701524
1632877896909
1632879071388
1632818938038
